00000000000000000000000000000000000000000000000000000000000000000000000000000000
00000000000110110110110110110110110110110110110110110110110110110110110000000000
00000000000110110110110110110110110110110110110110110110110110110110110000000000
00000000000000000000000000000000000000000000000000000000000000000000000000000000
00000000000110110110110110110110110110110110110110110110110110110110110000000000
00000000000110110110110110110110110110110110110110110110110110110110110000000000
00000000000000000000000000000000000000000000000000000000000000000000000000000000
00000000000110110110110110110110110110110110110110110110110110110110110000000000
00000000000110110110110110110110110110110110110110110110110110110110110000000000
00000000000000000000000000000000000000000000000000000000000000000000000000000000
00000000000110110110110110110110110110110110110110110110110110110110110000000000
00000000000110110110110110110110110110110110110110110110110110110110110000000000
00000000000000000000000000000000000000000000000000000000000000000000000000000000
00000000000110110110110110110110110110110110110110110110110110110110110000000000
00000000000110110110110110110110110110110110110110110110110110110110110000000000
00000000000000000000000000000000000000000000000000000000000000000000000000000000
00000000000110110110110110110110110110110110110110110110110110110110110000000000
00000000000110110110110110110110110110110110110110110110110110110110110000000000
00000000000000000000000000000000000000000000000000000000000000000000000000000000
00000000000110110110110110110110110110110110110110110110110110110110110000000000
00000000000110110110110100110110110110110110110110110110110110110110110000000000
00000000000000000000000000000000000000000000000000000000000000000000000000000000
00000000000110110110110110110110110110110110110110110110110110110110110000000000
00000000000110110110110110110110110110110110110110110110110110110110110000000000
00000000000000000000000000000000000000000000000000000000000000000000000000000000